909395469
898361787
848565685
450866371
310863592
343950978
834721565
491456778
902603778
786302869
842685497
477503734
803858877
494307408
380860742
349969014
927766139
518691324
420635781
795393065
952740421
790873699
511822199
419754759
316157338
528133499
401690383
970200218
479985814
902949056
414774075
791875032
351304258
422717298
798023875
912245776
429069107
879271310
450811005
909572356
310146410
479835365
332480128
424110823
798377016
479270258
434429387
340707447
523455624
394002273
949760086
830520086
820617629
482582087
310106638
882299688
807709597
533854436
434768370
848024733
448483933
833462674
443658463
484170873
478315021
904139714
992212100
842429417
381257930
495405359
895248573
904694908
505303552
794294959
530735505
813526514
520639147
434188801
317218451
889614756
840090773
818909046
380918821
498411396
332909191
907545636
834720120
398406819
333321255
508160371
503802126
800396871
750512790
500340484
905097671
497532986
452785660
381571520
528118318
489997304
793068867
919544908
804494284
349043794
907601850
378621189
792022071
978141703
807960588
501309272
315334664
511070872
309066520
403503766
821075868
533334454
829514587
844328328
818848871
759200751
933233512
431494772
893636662
449674548
819695594
524509643
528874019
393194857
349316067
497858373
380355776
527910657
930057799
890218498
353831894
432434710
804220069
890045461
453917098
379635212
841095573
510903081
450632518
322768987
880940671
458205945
898364344
347510091
832584502
994032480
530575471
352459135
909371965
818977688
539626820
393387154
100488550
883879058
808347694
978671287
410462733
418525648
848462719
432408946
891316143
331551481
984533505
808478028
802020495
393387683
899192215
851037879
408691715
828011205
504164393
300287141
407527100
831289509
443082409
517530275
300717246
794615013
824081772
798888756
814969325
423653385
838762672
499942407
103878435
880519582
399231307
504691718
433794831
794584425
952389260
833370000
404228504
892965708
307522490
991601774
929941748
887674646
821040615
844279000
481880037
489976084
509266466
487698904
487509531
528695463
349907501
790679104
450994488
518752522
839144359
914001169
877808261
100488279
481985315
944690262
420824526
833256688
982408304
503406860
983358987
412136665
823242441
494245921
793490533
502919871
403053846
538442252
942692757
418763975
522456284
799818786
489533240
830012373
823812946
852722321
824326144
533576294
478409345
329833396
839309929
892697301
340463249
844594176
481216166
501694566
404167058
402365837
106111123
884867672
102962354
503082810
830429767
922507165
482312451
382565661
532098365
878161884
983526740
347669939
799050489
340546738
501384333
442060661
530792548
924807118
943447201
435202809
537538969
448764571
852449594
749501003
999687247
307150086
501861025
490313970
812738375
813296555
349498899
921568077
829538164
898490842
882776768
439361502
513033712
310530308
987593415
980922124
483108726
532336500
904573953
698502200
498291905
911109817
881715130
812683357
316654235
815246780
439893868
498891480
900567884
910221977
941973638
878872688
841262777
312695794
515112977
387739584
433827862
838339596
808646269
314246737
349993444
904042223
529543530
378943609
801558735
831139464
347830051
811795111
838553261
951723840
978103836
904174273
907531164
889464764
527477301
949087613
789632007
882638547
452436819
830095790
793126806
907760649
952198596
494860802
912071974
522315076
933188930
480909076
904859105
513171231
310381421
849523220
908105661
394942080
501820732
812303600
315334730
881610265
915053938
920542941
994938603
977549781
814825634
988233995
802462614
850533894
850187592
501204622
812879690
407716554
528585755
943785279
844296434
492826508
344524111
453317786
894467794
322479460
815161591
830988846
935103754
344801139
791706518
384113445
507983401
834684771
877701763
891207912
492992433
983481540
821370202
304321037
487430571
980081657
830630760
339311060
943492132
918169962
308921436
533948584
802521187
790619266
919515387
433745106
499896702
811160191
849323985
995248028
795364587
499901817
905185013
522996339
392093670
983844077
500944012
445353519
479451916
893980581
929043909
810774224
948026398
985065390
901832287
477537294
829917145
537910689
983102229
881112296
944613116
521785816
499071264
518564232
528722986
979525862
928863208
917864795
877608315
908815889
904966983
498296128
884287848
920704228
511960072
801739251
440532695
428213284
843390659
895256832
393306790
800068207
810697292
421061680
498936392
345165245
799267240
947350476
810622662
878863281
811377100
949245583
409003571
942886409
489866756
910471010
509438545
828419481
519040620
793933169
978686053
949114656
884146507
820771533
789397304
434229837
493910251
903706786
332626860
452250012
939538195
818192387
878470749
828338343
969505452
449876465
830171518
489571489
840942494
500466057
842463846
753195312
890580376
418596904
498887991
839242021
914847603
433203544
329690226
929012722
423936376
983756313
484973664
390674802
339757411
445340730
907521363
889467569
487714479
880791363
909887184
441266897
311087175
450939459
838065308
924783095
833700099
921719126
890494040
893081166
821545175
902615194
928449297
433727138
849348453
493199616
813842986
911643989
444232466
892512757
901343285
825188576
900010786
994782613
823535497
501254114
494505399
800356545
828243972
921374674
982678922
938196326
442902904
882227465
880888664
431600428
827788381
944878420
844837310
913329231
942858523
490201852
879679710
831111778
840867378
478024524
823890603
499224327
398022939
489198747
829265446
448988691
428228696
538353178
389453796
810594804
828339861
384019246
827580002
378687743
106534290
522265065
890550387
808403778
930603618
944194026
753544766
512725128
377650171
927749143
750573529
951004894
989240262
499518710
310764816
844843185
307263780
533547287
397422833
791044571
909467532
808086540
483639266
442274544
819763285
400327995
493811178
335188033
448302133
837556703
901429688
522987635
499135275
507393452
341067833
900154766
491582680
535078166
335185146
320218944
853995959
834827040
944501972
845021583
817642135
853575520
331788372
341826782
493705222
895267128
788782837
513451302
499313138
450454269
504889775
682009121
520817230
502531999
062500368
435165048
441887866
810816884
840062244
893480392
479807695
948141056
899223697
491761326
849494521
519465173
450309224
927905984
831871892
500069943
851188433
943370122
910581768
517638623
841559677
918985086
750215014
982450017
900908641
383098266
831904040
931201222
842953333
879994796
529740706
834644254
904045077
834649766
507451474
878285402
326314846
503458929
918303603
538736927
835088485
803346873
922204318
851380733
889817433
904776515
832116511
754098382
828759365
802337907
839552932
982247504
793777897
388535098
918162140
353462500
494068356
894834209
843818386
941541807
898704630
423565159
498115047
479731416
903449262
699800157
819520222
934622077
930727573
440509214
832498877
810766816
