502111750
830094504
490845682
451566863
912700770
381276088
440907772
454091844
892690165
828494674
512652751
393755848
494715014
401616875
948642400
953207198
810328369
353514854
825123631
442885802
517821492
521394692
492035829
488496084
309824951
519902571
834186355
531824779
430376202
486380124
841877335
419316898
509332136
391003688
928900109
493481600
422007989
932031594
321131609
398786582
054804166
392521894
929002467
408636835
989253992
350037248
977711597
820048866
300685088
819244450
494642754
529011744
530514454
538440991
833702269
979236908
439211731
485232722
934746793
882332356
892443383
802894907
878420959
821866555
539514877
820390656
854028065
843145681
531296267
891605784
978770105
503232712
480304195
984073064
445194228
988359329
430121137
891356453
063200059
522282714
433443892
937989184
417576782
382739613
842475915
479829087
434803987
530975457
508969995
392053518
917478109
521818518
810581686
753877109
788749885
497986398
493017776
527805808
513526269
438567828
823691431
630802262
072807100
992351536
751542226
491330973
788863546
440962991
492863378
441557030
492805023
804093086
914448667
939679825
491418620
908178304
929799872
818048449
106658743
617320676
831708920
982589764
437713407
481698587
411014038
938358298
933824062
487692691
932615818
942906728
398731489
887679579
918166901
901922880
502355258
529882599
381669308
800990285
519221923
889455648
822255048
442056164
501707954
825109507
841622921
919151670
820750156
889892089
930223920
902017490
380447607
981635030
890717242
799149562
818453177
841598196
440224269
814793113
832731095
824468854
822582474
903145381
491534517
801433269
842090276
510128788
909115503
891265860
353789738
931937106
989934856
310133368
878727205
839792785
482271624
658500509
451476915
451959266
409556644
389552571
828959924
883737223
827990748
800037376
520366964
522873686
513965970
484758131
953053345
567350046
342031507
842737371
518227897
491295465
343608113
793175811
434170403
818381667
852217512
404121055
819757675
894117969
435318738
821982501
534828900
883461345
987489721
847551512
441648771
849909601
425003894
339463333
530396860
483866042
500258348
812329134
840738496
829789320
487720153
825008014
552721565
438220261
439490020
953462082
513904912
104295035
989278460
895192805
843758889
410646913
933162224
538054461
791584071
425055514
424505030
401053301
823780135
944321157
489317339
381792514
930097563
830167680
886580166
791635550
522017086
652881210
322747486
498714757
301500252
385054432
940824550
992945402
324019934
778157685
885120071
339599516
753893635
939357869
452517071
840178701
444703201
932712938
843960790
750559924
811493253
380987180
519440341
918128232
845075530
529233330
750274375
811185040
879514016
479734766
918576166
944033448
102401569
422331389
429655848
985147479
528675671
749995635
830248795
881021174
803760727
992989939
533895199
911398204
488585654
922721543
910117738
449887728
841177827
984327759
337595888
948440052
478532088
392108791
814558169
990950099
384327268
977800317
789002102
397972514
325720258
405197997
532928348
707150157
848783221
793842568
492092325
428646061
789130051
480253210
853863454
394485981
690802053
898047139
795340819
912497468
903111771
800613549
837496561
813460615
931198295
272100017
485028096
979650017
989245519
431213974
823862784
931695399
432073559
949887210
507500346
821123387
413271719
812193571
819277757
449044056
441680865
813686144
822940789
512025875
344230289
899909147
531572451
950771402
502811144
839156114
994273225
853008324
791877632
835018185
397843749
840218150
902876069
501589683
981614928
508027950
533301347
508751922
992994343
811166628
921488466
305392128
900201534
481523900
453997462
801831132
753016443
985160936
821918091
480603844
838060911
792117319
478497381
527587778
509383865
753911759
521737643
879822435
532290590
069802106
814763728
842892838
510507783
832340624
527905954
317528255
890264047
952425791
413909524
479289233
513795286
879283174
753579846
538938929
817536907
809540016
520597980
839092079
505132589
523284594
944750686
750828444
829532936
529731259
495329864
793887886
834407785
828349399
800806473
934975962
881012140
493029193
510836620
948618970
482623584
913657664
922067046
983789223
503873374
750353401
625480199
824802649
942126459
894935527
832772602
940930035
490899705
893250449
501252894
502704349
844326181
503633372
797899770
878387430
353882681
949548994
922063672
951567718
879688141
851206920
792328601
903120467
340651009
999310907
804723302
481925212
529946113
889544896
911364164
919170332
452538226
410061204
441396389
444809230
813552932
890021884
803699339
902283514
378537286
891554255
523648665
810146662
432193811
899152318
878587609
492312012
441534583
978232809
818041261
101066538
910241199
879985356
393271390
808557052
443600549
943316034
949898019
988511176
807742796
490489226
891740680
888753894
791866791
788439388
535332449
451942908
920917770
795079375
975680190
920650512
983874314
820076719
798150686
981048135
527944714
848058087
529613895
928246636
320316318
850257981
881198006
910573716
908614233
953987625
843107160
978960565
518244652
921209508
989300090
807586599
750131724
829618156
438891665
894264829
322030453
953264256
912824778
850496258
992107953
808237283
939767166
530086222
522260389
790609614
789792264
529959694
950935064
409194610
521372730
919355537
100934397
979050242
989879788
827711060
977527498
379538994
920236882
932606353
531549871
943882068
805382694
981555899
821838091
887622819
898066212
489135285
879425106
839675436
840298202
929519999
490112315
429543549
482508942
819794850
852122290
809016710
828906081
518258843
891619983
849416045
840159099
432225449
884181207
940981129
483877247
016750895
918056433
495402349
809112188
843116294
848038980
910432244
991850702
500800248
898887351
925200982
306916768
483078093
879404655
522005586
792894743
834600595
523555860
520468653
100666650
802344457
428082606
336880604
801416116
801169871
912650645
512400789
789064722
448640821
829647171
803602424
842714743
904962776
451023345
444305452
815031760
411678220
453313025
401720594
321460370
428246482
987834702
831310503
508748480
811972512
494356488
752552992
493661482
801918236
803971555
932216682
309980977
445042625
877728485
915180012
890932122
442784674
753884311
834554933
929391530
537860215
441309408
822134250
978334225
881873186
487676025
914343041
323354746
948904974
434437729
949916803
794601427
351986336
949287908
452600711
397933227
832406961
530891548
483182341
908877368
989880547
939267886
424523637
833372782
829282524
881819684
815258975
901449157
904732773
913137659
514605773
432051712
848436200
901066415
888050598
931660096
949416101
524682465
879095719
103861340
894967207
539013326
853768109
948140892
444610125
895183465
419279690
842002206
900793373
833974132
515325199
343025987
848753489
912004728
853809978
818815284
483431086
343826319
789741329
349874891
335074779
830258927
931174924
820873727
494798945
