991550039
501191720
378588107
499714871
451094452
076150010
824368518
852156025
503051286
828730663
503299463
384213823
538552514
508660693
892018789
424600864
801367335
925244188
451843007
529916298
452562408
452671407
902903590
397819848
539190249
804881167
317328151
817603137
421126723
887772119
511779381
830227492
514136225
938522604
887848836
752590265
439034273
384267118
351516471
801491309
394661797
808665657
790054670
401391743
398294041
839056983
818767782
929942688
307737544
929713345
891339657
882868896
531478659
478684665
962504296
538906462
829176106
937552602
314451477
413555525
949044226
394243729
445168404
480038462
537750168
818530560
912040094
882895881
750081838
813830080
512902305
347677866
383184249
438258246
890404783
965200041
449273465
980959696
821817236
753861061
791816432
813919677
399201391
803779529
384207965
798374161
515306991
521377846
417874385
502472012
344357231
818681462
431576826
897973475
792491250
413591033
482595394
901561530
392932588
891750630
414566240
510933823
508578556
401165089
750498073
491101580
409041381
907542773
981899255
844797753
418065140
821752052
894946128
799302484
842753188
332241801
839560018
442984266
534715420
349963306
934716804
824358402
843087677
824665673
893431684
521571893
751620618
849488275
444659817
976220152
450410287
789992047
317838191
804139269
477885677
834148611
841609274
922392170
880751748
515243541
899803639
492260542
520218231
979811692
382605160
898746615
342233384
852942234
824511612
444448674
449079359
510069180
850013673
511363897
432956118
343999207
890289457
320567506
434613444
852082148
921319000
944066539
807640610
978687796
383360633
382380152
901559369
752224378
848665972
949498208
880835921
494050024
851847707
398932293
530589480
512079435
802901405
891403446
518925326
828930255
100516970
985374511
511156499
414924571
948202940
879476992
903287431
940931579
843869975
339303653
849165683
823800032
519887517
918913823
824079594
890712029
828111781
952480903
307772269
750969065
379427339
810998062
832736201
439404047
799251459
753245497
891933715
501230049
453289720
810790725
776384695
432084762
894809771
913261178
451107551
993057025
411801491
349101907
998096010
791984255
509544334
918138066
498862051
520120197
504625401
431452465
831132717
844502179
413812439
833022304
329380836
912239126
380688549
503625857
931863112
809826738
402660971
431262203
572057164
932761794
347521320
834110470
841499668
417663465
885162552
803363167
920517414
305009789
492642665
805029576
418502902
889967493
983293390
950987024
893819789
503507311
419552278
491556973
432518637
479597155
898606793
841909484
534022181
408727378
518801469
423319771
480259647
531704922
834746273
843880683
818701930
904529294
814276762
819221276
827866633
942786047
922512132
529266421
400673612
303754204
509483608
504346131
893732016
848591988
414989889
514881135
440867380
481983831
408685881
102815826
922390539
820620847
403937170
911569853
844341297
509142071
508554425
311551337
518362751
442699302
811330315
999890239
914976287
106538499
832795876
530035484
834562035
677220162
813903762
802358028
934124579
501341358
831102801
348083106
804971190
902137165
801683962
533534616
382800126
949613368
852732692
913255576
497809772
847751237
484691290
310082870
497940551
893377812
838653194
978318087
791961758
917828469
893011015
989983713
800433757
790830129
814064515
819559477
479906901
810100149
339854366
523780203
793364670
908898711
935020313
513245506
480445998
925375016
481335446
934959396
850292731
752518688
852893627
417581758
898285333
790971634
391709227
979577038
914166046
837572502
410099394
484537857
821915477
888341385
910050756
878030089
424842631
833262322
489807917
913019097
813506342
824214381
513791772
821414430
838004729
940986292
751635855
910154475
931510473
484379201
490986965
933169815
443842943
791276033
839771615
875550295
914778519
528370570
842464802
494228794
913925269
435303664
903494524
935233445
407832682
441349081
902603935
808989727
479600660
481650281
434797247
823931332
505069096
853452399
531089365
901911594
510007206
539128843
803579317
981859010
891138513
482776010
501788871
056808868
918096405
880836390
538950239
422797894
753979517
790591796
919395574
395326408
453317760
882651300
817956279
912728227
485304802
933349615
908564537
790613046
537481954
938809126
845337260
930647292
404533614
909615353
984686634
531681187
484595160
922042908
498658285
822875902
888006517
949923338
483963138
945291565
852531979
839476504
525143681
334871415
810273326
540023652
419529706
920483096
898457130
908106792
913304804
891999583
813035862
888682002
104777636
501288245
537714701
450192513
885069955
821877735
784298614
929771004
750241259
979047727
911367290
488955022
519231401
533549796
503745200
812762268
834186041
992848184
309575660
887935393
891392961
882417777
882525728
822697512
824903223
752780205
837972736
430403170
842936221
753882844
903445542
909465833
901428110
533213534
352752265
921294872
948234018
999896772
387758048
809307903
898377973
432931855
418667721
538793779
982479669
431699347
302509864
851873794
509089322
788575652
891381477
909652240
502187479
988540449
493017826
888804549
815125687
933220121
821756681
452264682
899522452
538980541
819186123
522167659
913904686
905161618
384667788
481309813
909738460
538613001
811847342
802826891
520171018
792871139
902051804
918764796
481456267
827552258
498803451
908476674
811683267
928077775
478180854
485076350
948719455
908217003
391412046
912624954
310862974
924918212
792741993
887758092
818926081
380419853
909568107
953489341
429731748
521251900
353215791
992346932
821869617
514347962
978308211
908628936
477929996
899956312
529329617
494266257
480819986
894960236
802362749
452923261
485139133
528963382
300179363
844080523
909023400
804259497
979676749
489767905
909011041
318054004
847585064
910677483
831438155
821314556
891177016
488253949
947979217
815620463
820921195
885214486
901059543
978686095
898856067
401505722
437887235
919083444
881833263
429618812
879991073
921843868
841242670
445069990
481624948
834407728
890307366
528730641
404085169
978922052
822321899
904926433
440272524
344047600
377532346
789097219
429048770
842606519
802793885
388786113
843294596
440744993
537689507
793848615
389372590
397928391
994109908
797958410
529453029
430143768
931218945
938550688
883960460
800053779
334380995
964501704
751200817
903205888
414097162
511537136
977855568
450609060
949867857
902099985
344083274
445390339
389303363
921632360
898432281
537565715
804579571
403836976
910062686
515289007
951665058
793008186
901936740
485219075
441102878
977753078
538239518
921884656
884676545
932359144
884304106
819630724
843450800
899352413
910904739
844932285
493063119
514538446
484946306
983104175
878116607
842939647
831093182
535398663
988291175
979071792
343529962
885054247
500035357
428928121
951410141
380957100
752222885
439100934
434754701
810689745
881598791
752818013
790125462
992739920
490623865
