930679352
524447414
504425984
480236207
815302583
827801234
347453250
502357536
831423405
801482902
499527737
851997437
484937107
912205200
390274728
794759902
919584755
840915037
348738253
892099805
442590568
487495640
523349009
899659114
792622524
919315523
839276789
494724115
853299469
348326273
789886108
384056990
949806012
912703287
802286211
829708932
818765240
452925407
438075608
410359681
524085693
912559184
315919209
423612423
480700053
105017453
424355360
377565569
398451575
982703159
824792048
802494112
378459689
808614978
513670216
818248957
980587893
752040543
822784864
903940856
479528770
443941661
447686189
529664286
422248724
404872202
794687350
791259930
391809043
927735498
508534484
898326616
387450802
427080155
398896084
383038528
492080114
453910465
502598071
799418256
844481556
332809383
519487748
403446503
499345049
494121932
949237382
432002897
421356619
403041643
402814735
453408874
437731870
941563603
938127503
903405322
905212122
429943616
845256023
400988812
315683623
512068339
752960484
804504215
498921089
532580867
894028919
449950815
541850111
391787694
823899802
413905373
440028470
502087786
882497597
326125929
390814226
839063898
879461853
441247418
918136664
808806038
918518473
454021239
848609152
493130173
850483934
884458209
444701346
524257565
948453220
827753450
538525148
303847370
821251006
497964650
752132480
881213979
352081350
909623407
981884901
829930650
909760563
818371163
341621001
802641464
991569054
434771994
497856393
452559289
921171559
317425023
440202331
529900615
879538064
920514841
914554290
844071118
819305343
808330864
819960840
813882974
981146525
412282253
402700595
807627427
905212205
941130700
839235173
392006730
820923084
919703736
791767924
831746078
384035903
480135300
507950046
993163310
850609694
305393167
788117968
539427021
750607400
330839523
480908888
903752848
341065001
492410048
918385436
502367204
504470725
449563931
880711247
879619807
817763444
480188689
388921702
428893663
493405047
780141214
351794052
352012827
824227763
993105790
528669096
328401963
403090889
977892017
529034381
344111208
309113694
431644418
473202711
528171622
485008965
814650727
831071220
999244270
820681138
794991745
937874691
414058420
818582694
883553356
478865447
953752029
490463205
444555320
504246364
394491344
933603326
503340549
821336732
889537833
818020679
881382634
827763871
534365309
808870125
952218501
349414524
893567057
823784053
811493162
981421787
449454172
522602424
659201032
490158334
483552311
527712038
821615796
901021543
790097117
752730481
752689778
310914429
831559935
822367306
930667217
832049480
919748202
830911046
934802497
343313417
434333365
918347410
509557708
917721854
528316276
839653250
802966051
381910785
753824036
910991876
449056324
538032236
481145449
980568802
790674550
834219818
930482492
453849879
353480031
409873171
930838156
900195520
404328932
393429303
819355702
999707268
852784420
477679286
903509677
897713111
949928766
902307149
790994198
891481301
932320609
832411458
828807750
500419254
531728889
432296234
940973233
888236593
801358763
488147364
888114493
491763702
977672054
908956659
907710818
833577729
879294551
444729800
499493856
902673276
921441283
942079476
444847693
443935523
943550160
819577826
902342120
508801131
877892182
941307142
800179491
938128782
900931510
807710132
421109042
671880417
952912533
923136626
849596697
912743564
435225289
532265287
840372684
452299902
421940263
503137622
812303519
404378275
879622835
853570901
908370828
952209690
789648201
418471868
451831598
384784443
420797110
829721679
522098557
931535082
810018747
890005101
353822679
103016465
503917270
904292174
829064534
938823416
843115312
911263804
431593649
481000339
838769909
492915954
790076079
983678426
952727279
520275629
951671817
953419777
839159688
939878922
901245423
514995414
447658303
505142984
839734001
921198073
792076283
817926777
492876958
948802962
884676602
919624726
983653395
798050324
844088658
435331475
790331979
345158315
844292250
987379245
509988754
508493798
435402292
912811205
521114256
483926341
829608421
530969104
881418230
538518911
838269173
839430493
888750064
948252259
933132425
408963213
528215312
991486374
880412671
488706052
919790766
822488730
880468038
535178438
953658630
508269818
453484024
899457717
908027212
812989218
987801446
989515978
929451011
511375503
909957003
930311683
395037336
709802797
752525675
881394464
503136210
901813048
914567904
433868619
902590868
913521316
911774792
894764141
887761062
480513399
951250976
892838152
493414957
384398269
807389168
994075430
943395350
892494311
802892281
880653571
893194571
922206032
892122854
404767915
898554142
949919849
947878500
822414736
927506568
893458547
823227277
821885746
980751044
881557870
885172601
441742483
320722481
503507600
499870970
985163245
882161003
534594619
894234020
838559763
422361410
877555516
534007224
499495968
420729758
942564592
977517564
375580701
789630837
839985983
834191710
882720899
812757755
521001826
983633009
891033797
990527301
790592521
999590664
804806032
821427903
992079053
800811432
500541909
928806843
841688831
884417296
990011090
800542821
853807006
951602689
893649889
830759312
802390153
943881540
922683511
539092395
332036581
951633114
790300065
509836268
524488772
810044032
102997269
993417591
991862145
530040385
449307362
539104299
480824887
834037194
993965953
045950318
409192069
783864242
532100112
843510538
498771633
421061904
411642663
479595456
501474951
919480988
817496367
499736551
938048535
819507831
508662996
529064834
379449390
788420883
879942191
941812935
983166125
793652553
837805555
953179470
883216988
987642048
921436200
884288523
998961924
793649161
821445020
522866011
795338821
504404468
493417455
328234109
751189119
438302044
947958872
402585087
802426734
813104254
750297707
889634929
791399082
814827556
421947763
414631101
832047211
791541329
423980531
831119706
978121432
819126608
883535015
878955657
918169525
441820537
913342333
460201478
490990108
381203470
853183713
884811258
811018266
529018319
383895372
919435735
848662136
751758236
947250692
928028687
894334887
453206005
913038238
508783982
838693869
985020957
377790464
535229660
850626912
752782961
404776296
494409287
828047530
933450967
834739872
897921730
819127960
910446772
953565918
809815962
849446901
453335671
437986854
344453311
823003959
890299845
840405047
445244049
981340219
511375461
423693415
951843135
322395617
498193945
792600470
841725427
413519273
813230786
845159094
850300286
309989226
443233176
792081523
449451954
433850765
813045002
911495307
882554579
420867186
890232846
439056565
903115756
521847277
844246405
103723052
419056205
498046721
909120263
498456367
495056723
839034899
800320087
879927358
408072676
921848073
489070482
423354810
494776602
100509967
434135455
751786914
443025671
752073429
450974050
798032058
941107781
433644085
753229152
835175365
420451155
514918432
910817444
510006554
814652590
