539725911
948974746
509846960
418762092
845018639
344136759
440582518
330076860
839355922
751773201
918155920
419915830
901655803
797461514
438197501
533861225
434565735
331984484
385352455
478738552
811228667
833220940
440602910
753823897
414655555
880884465
300413515
921255568
909629024
430468033
383344611
340781244
878954395
915364210
894017862
800422255
794107599
447488826
879092856
312493745
825246770
839353158
914881594
325820470
538892811
978260339
814504072
709805089
488320946
750422198
444106132
513438341
379703341
503424590
899172563
322448168
487583353
413772906
444684336
517853255
421761438
487473175
305255671
488168022
921914602
909507741
440961043
916420268
453423170
532352986
915106223
812363943
394643043
852337179
500750575
841989908
915250815
882427834
828933796
994955623
511679789
454070814
907517700
451028815
833613052
944423284
917697781
433144672
308797463
429952781
810360842
701820052
791170269
106637861
414840181
528630759
382922797
808925168
534839816
452148349
535147763
439367202
952940054
818637746
753039429
528755358
388238073
922372883
827596784
899385074
441796430
794201079
811529015
387898562
814323028
403418494
922406400
891552317
528150766
418072211
440892628
340385897
500910690
306646225
485152516
332639335
443670682
834224644
528808785
484064605
488461120
929550515
350324844
989525241
533377289
502193881
329086664
841285125
393533922
483613295
481210300
800282352
901266056
981365752
529107674
412876856
881338214
913896957
503903569
811693589
321199309
881606123
830127650
995242757
534584941
850674003
538779950
794280313
515179190
519772446
449183490
830826459
333975837
348012709
517898201
444878037
929770907
841461957
828741694
320915804
814126777
904299237
303670004
498844034
379799497
384929972
809131840
808229231
480730100
480970532
852482421
069800464
347421562
879867067
852948876
481777092
821381720
791437833
789583218
479783110
804962454
514656933
881465322
814790275
953344629
844257246
429763303
850904012
317783561
509869590
802938100
521688978
437512767
982938649
391756020
950827550
813857901
382607091
441208519
803142850
433811262
880349071
904352655
947970844
789622628
494901275
800815888
977515188
504262049
493860555
334883097
392349353
444613814
572122869
483712378
752955690
829983436
489795773
387536378
794360107
843859869
903892974
904245800
501392476
909082109
499221349
918817032
309191005
391551223
805270188
991971615
521508291
520535881
341316552
909504870
912462173
930875000
422208736
924795685
489463133
848507091
528371768
828074203
338528342
429072630
102859451
927883363
389632969
841774805
330148388
844388660
440413136
918206095
889047270
808572705
891457533
883141483
482710589
799459201
753998871
404450116
803432178
814630646
892277377
502703879
908267651
431628668
813225554
988785903
433948338
998437602
808366538
912536117
750422289
433736881
510166093
808731764
392323176
908046972
910093467
990689119
539436659
804998185
912650959
849643853
381427996
933796617
423277789
788930717
879828325
947952206
850409269
522741529
501020663
881197800
353923733
999030836
422775338
451607055
488965914
984092601
840254775
891636847
320254386
318291838
503739591
942595208
931887293
843432220
538332057
751219080
458204963
949107197
315189787
353229040
829168251
243500139
522205558
822470837
529290561
813691516
777997214
523545671
485006894
821167913
888823770
843797457
948911631
891579526
790889307
456503556
812792646
422962258
924947377
852893353
434728853
537416968
592039705
953022605
851964734
892572702
807668793
901245092
322531724
841308752
953067352
888427465
845151406
423489541
892683038
842027872
789713377
539355768
491825758
354033433
847852001
841160179
894020387
949484091
519723670
907652853
832679419
849442439
488866385
522912633
911005585
818816993
909506842
883493165
490689262
902170745
844029454
103741005
952782829
437583016
519441430
842666364
447898073
492510433
901433144
792256760
384310611
802334078
485358311
439834441
841503501
510684400
887545952
329631618
999665292
821068715
835117649
979198926
935104380
832868400
890717424
920635752
430258491
941028326
347954810
344406848
503867376
421466707
821592318
537898900
492353297
900653551
790877138
834892077
327004453
504997693
840525216
842395725
790675086
524032364
448243816
312577422
892109927
979028958
491384178
699200051
403525405
891921413
792411936
400947081
382615961
497671677
789539749
750435505
940426711
849042536
994694404
517574026
844744284
930620497
838370203
795041326
938444486
952666592
817578420
453467748
508160074
882372188
921043345
885042309
833863327
504747577
390095230
884378035
850948811
533125639
444724967
821825072
801820184
850200437
830921029
751650797
893683995
911202737
828823914
879290823
852516186
888018769
521725499
827568395
934424276
397468901
384397212
488405176
482060423
438486235
888078334
411921018
948116348
915269021
834944209
831896402
921509709
331278531
672018454
920709110
432433522
805195187
344575717
894017003
533256962
894520113
818160269
481143428
922204912
421373135
530943737
839414612
842456014
914048970
824819635
823238886
933228454
903793321
409688959
821598851
921616512
999673916
514835628
814709267
853371391
809947161
812819423
848841425
942966177
821102175
844397687
524962024
804662211
845212117
790341838
952371011
893521716
953227782
887720738
499216679
799505615
520461468
382948180
502157332
534523022
988981239
101341030
980325690
821585205
931872980
407484310
499787695
522738269
833381593
815325477
528721301
893389320
881079396
854055183
850519620
983570482
833292865
850289208
389476912
883461741
948509898
790558753
381082072
828478677
528862287
921293072
525120085
988241865
904543618
789856341
833282924
853549632
914757901
889695722
491776902
829003466
301126975
901611301
904646312
887687788
937579613
893436311
402487359
452267123
813212974
808643761
531664613
792998452
812748242
528343270
405420159
832541486
824691539
485281679
481088888
384393468
451455331
882027071
532812955
344403787
822310124
789103405
903357317
444473375
329151492
880568670
103919395
820564755
919465633
539538702
982587248
905339610
453192593
981965486
498310689
914606538
815222906
434530663
840139430
788909463
985001023
887579662
810820803
899778625
484347232
851016964
902514355
448401786
852682855
889571964
452978729
403161169
820115640
399549179
398460410
981279615
879949600
480511120
533642401
481232106
979382769
500224076
988011979
980734057
900620410
433767365
933394223
829074624
414337154
493063317
316139930
451026603
795098425
492521257
798358347
810392019
921455945
483061750
321469116
891516056
929336154
940830136
382383206
513923730
917506073
749964656
978557379
979845229
832043418
979974052
922377197
527509699
879294650
750425894
921002515
382156800
412118762
481278141
480087956
381170216
487438335
904643053
920416500
407555366
530074574
941450827
487860199
987440989
525292744
885404624
348617846
533871083
911666287
983793944
510063845
499630507
501590723
752510552
