828555458
383914462
788646123
505076984
533815460
808270938
881836373
841125784
379504988
502703473
794248880
388330425
942749748
352752752
301169116
479942609
829991835
789108388
487872137
518176722
499237527
482211687
844123133
500316377
519382162
349638320
391600103
812907905
402048318
523246395
404721573
819064031
789466935
930680806
482691128
834225583
899243539
803693795
892976788
522800689
509816260
538984642
439306705
815404652
953107224
393781414
388254518
384307054
950768770
342460649
879620433
495374803
086180643
805139706
500556659
913686689
990023152
420424129
913728937
393717566
488223447
900852625
828826024
495332017
893556035
501907380
411761513
319100707
482733193
328539309
392535720
304218084
850553355
811966118
951482124
404742496
799299425
752922070
804677284
901898551
391676459
349361543
847718608
480194497
102121738
887899995
339184210
538779729
893530675
341405322
342503885
016750929
329234645
811537224
407702281
534470380
433763232
920015526
434147179
812459303
807746474
891650921
449280742
934592189
509671012
450513874
330098120
437946114
332119635
942945460
904545001
831361142
842091274
903493112
977656065
507473445
837698422
493893564
809725682
927685537
852405075
431245885
445397235
499717296
452622764
885206987
479906489
831038823
423328707
931635924
480502947
449817113
483300976
517750980
884902180
843283979
850670035
810367151
828593905
382291763
989878517
789067808
312478274
848506861
532320967
537961146
849044771
903597771
821756061
499421923
931977839
834512808
789237732
879753291
839709854
380671545
481667681
798439352
479482036
523241206
881808737
439813023
910003896
393703384
382843639
502182033
327843546
532567245
766800171
444576706
530188440
433680642
499435998
831317961
390457745
795329044
845220102
453803124
394123384
329197586
399212471
504267188
538689142
524857919
453977332
827882002
452774078
507864312
908753197
527721187
789127438
388636292
342097201
980991780
441781853
520240136
482800398
891505901
501051288
843051491
935063842
349459230
814206280
481318806
379315211
838294668
809068141
807667662
913082236
977834274
932540206
439756297
451680805
800170490
898538558
422460477
882306301
524008695
434509378
818849051
794732354
948134671
532921475
492119136
309021277
813769742
822129342
914900378
893735027
878796424
915059216
981395809
879739217
797866175
447888561
489605378
828333104
982339202
750350886
898975925
528351539
807920079
383939766
932199862
993097518
898102553
807646245
524767993
343048039
912035003
343776373
848780334
394041412
340370774
753363589
948161831
437380611
913540498
518644000
394815203
982113706
800994980
919386037
789542628
503522609
920719432
793078957
421645193
980488209
507835957
883099004
331662478
881333793
524500386
823414644
800711947
515245876
891149643
792168627
890761901
899116552
841880982
489801399
984511279
937955615
434190252
798627147
490685062
989618467
803590579
821804598
399464056
410597363
810013367
484866611
378920136
899289052
801300351
511082372
830221982
984774604
824489868
529414740
790987937
895162212
951371095
819702911
881969901
999894348
504902859
948515010
397486937
443070933
353937782
431375807
394643191
882077662
950717553
801118274
833577224
538096850
843635707
397558859
891869737
889502696
410431266
520826355
852825686
908290604
383137866
522543776
922239678
535398903
802355008
523310605
483454658
927914432
989624754
813495728
513743021
884606310
887996353
483078671
922528476
880715073
491368031
815019625
317887412
814567889
888021581
889307245
918734591
990877417
383717139
990262503
107141756
911419117
494340110
420312902
391886256
389989849
417991056
837543818
939421889
909721516
101371243
840267942
522045350
431780410
341378842
414535575
753985118
828347492
889547535
881418362
992034199
824825137
842030348
447929639
401238654
942503269
850302571
941985475
483422663
803416791
479049074
808680870
487721474
848437737
850633165
898014436
991312570
843271271
442333852
829865310
810914119
808632541
980024152
885279240
482000270
904140712
804821825
949070981
838069813
890760572
531362317
533791968
415851112
811166321
515060606
799883921
448947101
809628985
912266566
912236940
884141888
888642329
439869785
939854295
951771914
805200334
521173435
752542183
910791896
532116662
909431116
854080439
822368783
492388863
902137439
842091100
841672603
518156575
984409201
383753456
451809305
983881194
801542655
809862121
941598245
933378325
849326400
801967381
839609237
448429985
882589781
988865135
750656860
532564309
937892461
802240184
411232846
911727923
819203456
333046415
908155575
887661841
574501714
850454059
800897068
538353004
499371391
801015348
308949882
342143955
803252600
809223613
850177676
912057502
860800077
897817136
502988884
788428621
885306001
500801071
058201534
453392045
789607272
753714187
104424924
951273036
520648163
522216589
922658513
878562131
838723245
932523681
842533804
433633484
439644212
327735882
815118708
911420750
884451873
902937036
980349955
934561135
501140230
877380154
102194073
439210352
981850118
924824634
981115637
329503460
810716852
819252024
917905028
797590544
901057257
931029797
915222822
983533803
453820599
509086740
940945249
940240526
451404891
917629214
512285198
979166568
918456872
812572170
890051733
380585778
442808267
827580192
488668906
833287089
753020692
879739167
888840352
753587625
402230031
808388201
929156289
528327224
832164354
379542764
944391408
999301641
899551436
392186581
879557247
899004196
822352241
507502375
888108073
900130220
100180272
818575201
402715486
851952523
752554964
948461777
510475437
980623888
349620278
820633006
479505372
532102647
998956494
454021874
792805855
530864206
990031577
814546255
450413422
853922045
344329933
518081682
749870044
835108549
444534416
334721420
100773555
933003287
451290928
911240612
853051415
502061120
422244269
979020450
488658592
983257932
392170619
482371218
513719609
434105698
415173574
323355966
942903345
451492169
339619389
829068493
379858244
995245826
305233850
905363461
306267832
801186784
443546486
832100341
911239390
435230461
825294606
101095990
402083562
310667654
877574731
524979895
819724881
519461453
382269595
513576348
531986073
978913812
512378894
889031134
827617812
834780199
921503751
539017236
500066642
884080516
821213394
382155513
531349421
401161112
839731569
419656780
910325893
897973111
801842402
791437239
494010358
882925571
481885010
394824833
680201365
953329737
823097597
953707478
102534070
809061005
811755172
808840524
941592099
488507930
843968280
344796701
952548469
519289086
480230960
528863053
311009146
502310758
847810876
509027959
798859005
911715985
507835254
414589705
533613972
965801046
533858049
902643923
481503068
483791562
850524695
484086947
932511660
898543814
424763738
850116229
882288616
505329714
726220148
479737686
880398417
433742343
605720531
929338341
827832288
478682552
953990611
522426634
921856969
834695512
442609434
432456762
499101483
953963568
440057008
