831499082
883039729
932703671
753597822
750931552
391727286
834097636
450488069
752870105
809826878
403651235
385384235
444231088
404328189
921880696
824090609
523872356
438784878
989834866
813443827
907949028
534684360
568200687
809255524
423073659
884625716
920746443
334147014
444822712
849955497
522970557
752479865
848219531
507589687
852030295
494471816
532450160
447765793
434742110
901869560
789264694
522804996
422167379
803405497
815389101
348853870
517752176
520904509
433905288
524921350
482048170
814726899
901564203
753890128
937648046
939014338
922459714
410008320
823147285
802995233
913109450
800747545
753494053
827708850
409514635
939126389
428178354
983222753
447990318
419612411
334865557
830952297
889608774
422481358
452063209
350902102
498069095
850328527
948477294
504815515
522167949
410114425
913679999
814933925
410355200
382925675
452068687
802317537
414671065
891549412
401825898
521900050
324273721
993678960
539544114
501726384
853357580
488184292
453994774
528784291
407788066
891434995
901007120
943646653
352644041
419364294
303859789
448795294
413300575
309023232
985137165
501936421
416444735
414077511
808957344
982564676
448999169
452827314
929834489
912009479
423190719
403382096
451340822
444359921
420500324
393534045
821513256
420995771
981381304
980430839
388565921
983593427
397467200
819124686
493674717
421658881
452349970
539027003
789459500
878876895
895248524
833450299
894087550
794457184
521669630
901885962
333602449
881758171
521241646
530340496
533055737
829299718
833993702
893293373
853032332
439360272
838516920
325518660
821036951
819314683
792973216
338986391
823721519
982933731
104388483
414576967
803806264
316643543
353978299
892655770
819632373
480022151
833189400
383791274
324072768
383914637
309331882
315903351
513738112
939398616
318027083
490152717
834654428
492079082
930727821
521526558
912046091
842655508
499080869
350246591
529721698
978150308
502249626
444805139
451375190
849403332
932596026
930883798
905359626
448737775
501707061
431431147
443695572
920589157
838642650
951362722
485290795
844585265
852990746
410876361
389890823
392982229
880506852
949072235
403379423
438140014
890296510
825329022
932799737
790799274
440192482
434179750
523318368
478843543
914346986
492075379
452019128
999344526
398192948
789318805
809287717
807508478
912386463
979727559
952634616
503245219
399586163
804838076
894854306
100347046
453951006
481553600
950724104
534818869
818581894
450938279
534173927
949401459
837869759
928946623
901926386
808043475
501168066
879209880
814253670
528804925
822746590
524272986
444554042
511878746
531938777
901911040
847728888
478378938
525387551
839384989
397657941
982272825
898263892
793534900
931752315
794654202
438846784
843344177
934286774
913105268
751038084
494557507
921389144
979894953
893345462
504167131
884613779
948413935
940090723
435375019
493704613
444377071
952843357
814120820
538563693
911564391
820428233
897469953
479236069
831405147
751748674
895336105
901557504
853120608
914888599
494226053
913919320
898796370
518713854
790200901
917985517
940075930
977561570
504552084
351981444
524220738
889226239
908521289
482220183
929934453
842584542
485125686
880115415
978693489
948568654
909975641
815178173
483495552
410354831
815356530
931536502
844506642
800111387
902436120
527552905
421313420
819814856
507452415
811534163
899576839
533764718
525082459
820749620
902553288
533145892
831474010
531317352
915064430
942439217
531093318
880167770
987600210
825145360
314868852
791637358
482845351
412128704
753378983
841721764
408836427
411070915
411916737
824926638
901926469
379816655
793672791
879465862
404950487
927851162
424899052
528622772
930900154
419541503
410638167
890313372
984979450
843242017
885010603
538401845
794556191
523335578
492076740
931795371
354500316
792035016
483609194
920337656
887924405
979598869
528536857
349317610
440739431
443350426
919548784
431870443
402179246
938492956
403290570
851164913
810389379
833263999
889022950
949076822
882922487
322250671
818999211
821160322
827947680
440438158
978983336
890023013
884853417
408344752
434940557
378948319
881128722
478403850
523482875
932886757
982580144
775584519
801433699
940612807
811308204
494832793
529088064
812444750
902842160
914220744
520058454
750898298
991742966
395027899
429238637
354017543
981233935
943265132
909036915
989009543
905398491
507611424
421780016
104334354
441234119
801132051
531621910
812344109
948136940
492651583
389477365
817580285
797607215
829030444
879252922
953626330
349157230
834513319
900560855
903372795
429021017
895241362
379002801
888548229
890606163
520665555
930018866
323127746
100806702
535304810
930641790
913363248
939453478
941312167
835161498
897511150
909907701
490899663
483893079
837714807
819073420
753793108
852797216
447666223
751214263
789129970
948962329
807878707
844181214
820681633
950731729
904627700
414984534
482064359
849478805
841882467
932204209
301468153
897494647
448061887
479609596
499769263
912545613
452424013
854019411
910241439
944822733
848289922
843700675
533297255
103545810
979037272
479391773
333243012
978236016
933305211
839439783
893938886
912019973
338903313
940598519
452402233
939611620
752829754
803310630
911422384
954027959
917905945
514212547
844206300
390019982
939659892
425100138
853305126
801046707
449166636
835145152
939153813
881984066
843954454
452065832
880513924
445207756
945402691
918960576
951267046
383063401
808028278
831288303
444425060
903885556
485234140
493592364
320879059
892152901
883836819
827610510
442044590
433851045
912243417
481650695
512734831
487522211
383785714
402839039
103603627
752075986
417682259
399983220
909829111
412010977
812601086
914905963
951914332
523303071
504803339
917817066
391887957
890242522
922640768
889822540
794531053
831671128
980951339
819331091
988966099
900565193
849159405
512735739
443511944
490831724
957527716
482110103
750183790
984156703
880106588
830076618
058502329
994156768
548500768
511324881
913836201
422326942
445207657
389202631
533554382
310864970
900231309
883528101
529981128
750321838
434294948
819366634
404992422
885223602
790238075
799416094
381728914
990354342
834433807
498865294
404736456
418731741
301100756
353824873
428915748
520631748
584801625
809538663
850786567
879894418
477715981
894736883
432974889
948465935
508902418
315485896
509017687
853615359
841572886
912172160
885013136
341712974
845176619
517413696
423847649
794512087
850584988
835300476
431397702
815275094
882326374
809108137
804409423
918484643
789812633
485052872
515337673
753349893
888640059
928270313
438719940
845009893
814623815
823515952
920666039
798900148
497805069
492230974
438582033
798630828
880712476
352588727
902585199
824007090
533819413
850816992
789698818
878061589
490470119
888336419
378968804
505123752
842871725
530983782
808682785
339708430
928255041
503210403
894065341
432807543
913786653
482719333
977902832
845346261
334346921
982499196
303689483
833980956
915263875
