815204896
850112715
812572949
332852334
572720977
890331879
343548020
791088131
415168541
853005668
507938835
397507310
490485893
333891935
519294763
417875051
350561056
522081744
801092883
844188342
790320980
442163630
347706541
424832855
389251117
472203959
418998720
495232068
437651839
884482092
523270882
323362699
911772150
394373641
311521728
644801235
441340544
823558036
448929091
949614648
808133912
829085372
521101238
341873727
438561557
477510499
532310232
908190127
398202655
993530807
420393001
502550296
395025380
487624777
457207538
794226183
494777709
951041326
534366075
820482289
887516995
798925236
504999368
919422097
894479062
899226872
521773804
393542261
484576970
334913175
328308119
827632126
850630468
448978916
921415675
447499716
414239509
390253516
438286023
351970017
380692426
379900541
392378295
928697234
440450070
810119222
385002498
498155159
873500805
752096677
537522039
753756832
978123602
448188045
341742260
381858232
790640429
421771304
824739627
532830908
848566469
751003344
492400494
338840192
815125794
794590760
953523859
754040129
503649857
351498993
734200355
395378078
818443020
478028673
510754385
659804843
530845205
989571658
801440587
817660897
340802248
844226084
790076442
792169799
937736346
980896005
791090004
414291047
790560932
979506409
534221684
804263127
951824630
519271407
480233139
824075501
898438569
999536329
824316236
399336106
309305381
900965492
901782847
878847276
451161939
750104572
841278708
932814627
931612931
795377167
851035055
085580041
829577394
454092511
492747027
480119999
879396794
810272294
900463738
429421639
820034320
332122639
101587426
834190514
971800735
272800020
811216092
382137230
332073238
484508585
393744818
809194335
379086085
340066307
854098563
403065477
833907058
423070358
750667685
938425774
381654474
538758624
510061906
101724672
952455111
903994150
478984933
490729969
833871585
387603061
909439705
789429875
353210206
945018307
950417675
514395805
852734987
829299932
851765602
901257345
838262616
930699905
405580101
508575818
325365005
498040914
827757279
418507240
533770129
479743429
817605330
343585865
434263349
442043295
494800220
429021165
390315620
903462307
894774538
538938739
830853651
434554150
333428423
849865217
803110345
521551952
300031366
908112758
504379637
334780798
935359489
990875924
880300470
531293991
530242064
487462855
107408551
330085671
500757414
821903036
829269836
495341513
500479621
822839304
989243696
929623668
912367521
935316760
794328294
754079465
523795854
788909968
440148047
498936541
451688949
414351890
480090513
900654393
324175603
984175182
913785911
519432579
878184506
879557460
823521018
827898198
322150798
884353533
349170746
878870617
910308808
982151417
793062928
429230220
815315155
921923199
402768543
887938868
400556122
504649047
982297921
480457050
948233358
917530453
900428582
522903418
434528980
531685261
793863762
515090421
347509739
403459167
500801584
838791507
852932193
838428613
797598125
943355586
832685705
531099265
878349075
100619535
421374711
432089290
947982666
802446252
518342910
985002161
507960276
882723026
984033084
502583461
798045761
889181673
831804109
898109590
897912358
529902892
108309253
818940314
843875865
893679431
514985951
822296158
411998024
389817446
844753822
533839858
798160412
341715472
421457458
990202384
821270527
894390863
452477359
793702358
820413102
918145707
948991005
980703755
403097033
979338373
341488815
991611476
811890987
505048322
921197828
752989715
485284277
487576415
813841525
497526822
341367829
843187618
914538566
440706596
315201905
830878864
881515290
900862475
954037198
392581740
918164609
827501545
412435745
791255482
483551693
751589946
918169988
879878775
752963918
447620725
453887424
897438545
444954135
819844317
842241911
488169004
334685930
448464602
889847893
421950809
442412680
824385868
440012284
809034952
788674638
885373084
488333972
840508493
843672288
881866305
509478384
494104599
488350661
527994412
450670880
819860172
891801102
447491432
449036409
795004969
812801058
912281219
518775515
447995309
807660378
909765596
824497648
820145084
948810908
479137317
853875300
494810948
799022793
481167260
860200310
520592742
930709852
845081769
899192389
940926470
937487163
513504498
538320169
070803440
901517466
977665728
901349639
982696320
931186068
692018658
981675549
839439684
948785928
791146350
812032399
824331946
915289599
948413398
887956787
980590327
980698740
315129064
832359418
953468220
380301747
824965818
880269659
515284594
750306425
539420059
801873936
942745290
947719142
492547112
879698470
538691387
849843248
810393298
824075907
895305621
434851861
880960653
818733016
539377903
934400011
539701425
503437428
403099724
880978044
513554386
428218630
982028433
979644085
811850387
532169687
977680222
414920884
399268820
983902115
911097830
792883407
827454562
812086817
412454902
908292253
791016314
832421382
930873682
449863331
450374616
824811723
981099401
492410915
941918799
497762518
927688465
948848809
448617613
484076096
951287234
825328883
433648847
999835390
949388367
922335021
902247642
821723301
423915800
432765014
350854022
913807392
103528253
922840566
798121752
918826272
802626804
825212517
306003930
984916353
819947011
877765818
484307079
888059185
919300228
937961621
485224216
530844596
843379181
499075141
921358511
430168997
884454505
480877489
441211588
494626021
891660904
814199667
882953607
523426971
932380116
481508323
931648778
922730254
394964498
537746620
842504037
813628328
824202907
351235825
912095635
789251683
422839126
808261218
797507985
413940560
480128867
990071847
912688520
928248657
820557627
941193211
492848403
511070401
534030127
750514598
753330851
809563364
504602087
479253866
803205624
515179703
948209598
515129922
411228737
838028785
534137120
828451179
881782031
831428677
820591527
821143039
894568245
792753006
514271865
819076522
807382445
814487930
491832937
300072576
380689331
901276303
799496591
428775647
422637553
880810791
482528262
822475596
395380132
410718712
852943935
891460651
441826781
982272536
447869991
428957971
444655955
915165203
884489741
844555359
980763999
908483522
533061354
879408987
632003638
434876371
913629093
913602272
477918627
491700217
820125904
477593768
898622477
823146014
492103676
913371134
883357741
810544569
490911450
403036684
487911554
880967773
918516444
951366632
798145082
792377871
508591567
940834021
890030182
514367978
478173388
937749661
812087781
344503784
832288955
326818762
841057235
530984939
801776311
878195072
822967634
891869596
899878581
348734583
839625753
834192197
944991868
985276476
398447565
444136337
831589189
901309526
884766866
527635783
801844317
524883949
908829930
952106763
399818012
950907360
929269330
751021205
888116019
914394192
929937993
845269620
925308546
813561867
423191287
318697208
891205569
489891176
491588984
978987766
513853598
901075796
823517727
817624539
808757678
942313784
684801293
819313404
499418390
