882069826
429115660
503036105
938680980
808083349
502334410
480277268
799180898
808378681
394928576
510136708
947896320
444557045
878178482
953778396
914949532
344306733
485217483
837940410
818189367
538517392
518506860
898847983
378331912
408751709
850687849
929243939
892877846
504657016
480560259
478596224
437919251
818197535
984146548
477486666
394589980
812697589
385344502
831308440
982170540
309346104
848008884
894238682
790093785
384437315
343082632
788476828
086080256
437820368
878163971
483788907
351268750
519436059
838021277
489861609
918557596
527594402
324274927
948452917
451188866
420052433
824796361
533099537
819606419
451999981
320565286
490095247
539258400
328668140
451956130
319014106
534753454
322187972
349274381
810019372
397824962
934489071
343077582
532297926
751861683
539023838
500738646
444724009
931326243
353191489
484093489
809592082
385153986
524694783
819868811
883650749
950976589
951022912
791785728
914874441
479705998
897726048
952606846
979985975
894824226
528320187
498145861
879047124
439221292
910991496
407986116
481308252
831703731
838715878
910100486
852622935
485323984
384307237
998591507
414909341
392330528
931358725
449470111
905016317
790818579
978181188
398261511
484957352
520649716
828074039
511026999
833361496
892783598
840562193
980098800
814576997
983982729
912820214
429097546
941510281
448105163
833984529
831872304
951705573
834554586
480789486
640801981
448867549
813040649
433911021
502044621
884546128
104102249
794637579
403467871
453508376
919641894
532686094
449566322
505121624
819830597
929046480
815120365
822648523
494832900
517715967
878523117
508245230
509230074
932931595
519398473
508421815
801800889
450571161
532301298
798176483
424375764
938748720
909670044
918453614
825407190
058200593
911135267
822760476
932461817
981072911
303610042
831913322
527549794
513010256
821250701
331673020
652881053
451726376
530812940
391529252
523118909
930797915
883541492
525365409
501466767
512556010
452248248
912779287
839683281
511411571
817669013
534707419
880798327
873802201
795120534
440514487
501490916
843383365
852404235
817604283
530273291
502612815
509612438
478721160
479276685
524026374
958804866
752375311
841620750
434341772
402276612
445142953
424462414
414893180
813217254
434061255
883676793
902931229
991408626
751161415
937639383
365501188
498134055
879242030
430432435
397767112
418049268
391259157
404995201
901300244
922450341
953266996
793197468
888288941
482698933
449299254
814852232
988862074
378885768
490824885
512979584
434146569
895113702
820713014
529074783
419129176
413921149
511991101
994697464
484298138
382498145
103522819
379861453
905286050
509397113
821232428
556450161
824567721
914795927
824180871
899612428
942881145
524379492
994655330
448860197
797919834
903884740
889756862
819602962
888533445
352256457
403582034
813516853
934836446
534996301
805003506
499709913
930893003
921529061
323683763
754049682
909990863
304057771
799760376
386220032
894197896
921245452
497741322
493548648
480578046
841569205
532559457
348797655
879955011
810238360
343270930
351338660
818195372
830086435
898984513
992636258
540012176
801267345
319861183
803082411
888579596
949794135
897587945
510752454
439752270
527665897
492007000
412654709
845327360
509336491
403508526
943685024
835267923
911924835
500440474
977550003
841451578
424255727
983917329
352092472
942570698
482583820
522531771
808337117
520802646
917700908
419346226
922721972
922211420
792995490
792644460
918176504
102719960
910783265
524150257
401377072
839963329
918169830
403234529
841462963
904399581
398974121
939591798
837837640
328694856
515188696
424695203
818716318
450566609
830029062
818556201
499771426
977828797
884205022
432241206
852928407
991759143
920350436
497591768
802909895
880212337
798990685
780705703
778846279
838822328
832910988
880475173
450120423
500876164
984158873
378575674
480090596
538954017
753999838
894333236
841612120
840769889
800506685
891928012
510182314
437705080
430167494
493757876
400877866
798803409
490905221
813689007
831960968
449277532
106169071
921425864
428658249
853719904
307720441
752294892
493488969
447500737
492918636
350851598
448875179
509643623
409591625
810442418
904728201
903754190
412770778
912502929
818985210
819194135
501832141
484187612
314514985
488559550
502490386
503368037
843294794
942452632
451792832
794139667
502660038
499051480
498211895
978314516
529962961
529334302
538593880
984760587
103783858
503581316
412896029
414401752
880706320
745520288
907864508
440534741
433996345
917584518
437724255
820618940
790251094
911687713
880425285
901394650
809950470
437581291
918507039
941729816
500374145
342394277
434821864
498097807
918543729
832872766
452658081
920432119
441028073
890372477
538650060
799709787
500328422
801631359
903670826
529834616
814605853
395241284
914672100
510235666
794924423
500642806
843562216
840618367
943880971
907456560
518713839
921806725
928394360
390233575
380757757
500990304
941576662
887802866
880294046
930961065
812741924
794077214
972505283
811084862
514604107
453052938
431666825
810570135
880849575
852388362
900403718
471800524
839396207
509490900
384952958
920316148
879211829
408397222
445351950
834195059
840717029
899075303
851032128
456203546
899152672
102398641
901604470
834400491
490648771
421126616
805203411
891026650
106980279
919213959
991080342
429165780
820016608
921329066
444180434
537453052
509717997
477280879
933823247
849547005
948056866
842432809
913226833
333098713
538563966
902643519
509766341
448908061
445275779
838457653
990023467
809955826
493717987
843409236
822265864
823274493
834592743
500966551
072503022
343080727
923882641
834944373
897656252
430089375
889179420
921260782
943298075
825216732
823781760
499255883
438146433
349773689
883065377
832564470
983143249
522969963
449243476
994710150
884951534
877639120
481528784
814637112
840185185
951414416
983010992
402014120
881635007
348820531
939946505
478122682
789703139
818100737
839981354
928199223
410532972
921745717
532125788
479162117
801450552
890440134
332507961
999848005
504936790
479696767
411044365
793232513
833409048
102259967
897390811
851514265
851999821
957528201
488604802
838584266
525002143
809993306
818500415
852063171
499470409
900761461
897690079
903883627
307157693
833979370
881884845
891516999
808478846
411291701
888638764
352909006
509715959
888579737
804286102
498491067
422843821
984610766
948902861
851850446
879650885
823123963
909644452
381306430
482556123
390606960
980430169
515061174
487446866
818784720
537810350
882562127
400966594
993273861
830918272
481953917
908655137
937961498
392936167
948337936
844689943
789185675
984671115
409407046
498482876
983090739
533507158
321897340
489305854
910942499
529800088
849945225
908560394
849233002
815057187
450566096
798273173
938409927
888748530
940306871
504246737
941589939
507939171
498760958
902966977
982781601
441224409
814090338
378873335
493902142
912437811
318670957
993501121
