983299033
843487000
305178246
443735824
790079255
519118988
887723039
381413301
793276726
315903344
453017055
827693623
821788270
480598416
520948233
883937716
445352529
901872622
881932214
899365811
439103862
410725485
887908739
425123411
499389930
842841926
853264992
522451830
918318916
481335339
928736222
810390831
403717259
800705014
844406025
314281734
477604094
908178692
329681282
849498225
938531027
917974719
921620415
839911252
814241170
343107884
853279461
479711343
942025107
347570988
318457983
848066726
511559650
410252290
749866067
384748810
752874107
525091278
397804055
798662888
947894325
493578967
812453686
490336054
412564882
890797657
420849309
881245351
415257310
377575709
888050747
902063700
904544368
517911087
753360213
831122957
334281151
508206596
894331503
853037844
828047761
935004366
952212629
479972572
802949263
942498619
815205802
579200882
790280846
887682466
930989728
902927821
800911018
353956980
394020549
534884713
441169364
482630340
783436660
404269151
390926467
891697922
977969898
421530205
347629560
532157351
512059056
524908027
514713700
890294986
403204605
884141367
525289443
408368280
395025125
413101197
881422133
414587238
384999199
844042713
891455321
478231988
814283206
440351138
833839814
107771388
985181478
439237116
433984267
438165268
419779731
883844151
477508725
882856339
823301296
500387832
894971662
411777071
891405052
848786950
890145287
879533131
487450256
993083641
504336579
851990531
498775485
949664171
819528498
353789613
905351235
940900491
791851652
504921321
750001372
825292105
534490958
848079802
015450638
440344141
993576438
533866430
993738350
483007431
539687194
983690769
803957992
831593041
827834151
513890020
410250146
877824797
525300869
808102040
382643708
811403401
408708303
878420868
382577609
791345150
910745280
498641877
823298369
562084145
449145390
448539072
484515994
844740936
904116381
881925911
382218121
523406957
528295462
523557544
528765092
503780256
840373757
829859693
480258177
485285449
894794783
841508724
992625335
821260759
509744504
418027223
819658659
532023140
801601790
922148903
922162862
479971525
907693626
338328685
434220786
448019976
394483218
842110900
432941011
889461315
905174975
521320952
752494344
518105861
057502007
485143739
893914879
920814514
917908618
517577086
980444970
819792524
484268347
848590717
531530335
817897937
532491040
837548072
323971655
931588305
890604929
941930117
479801680
480659416
891756439
449945260
944914597
805210812
952914703
904355591
842506818
807423819
520002445
750700387
510730542
838189397
981785397
794984559
773801394
325741825
499710325
500756630
100092568
529647638
903791515
925340895
339198913
789279072
830136537
939712436
852822196
946250032
377595509
888930385
982654220
941887432
750927014
887473072
410437404
953225901
812986081
302589379
910340959
882080054
434137576
934113309
673720744
389968777
443744917
339339541
890453277
819156035
413583964
900302928
990900888
351155668
792851867
398386524
308820083
847816519
331367359
838705374
790288146
952298198
318248093
990845752
831840111
829892173
533987293
825367378
820572147
949583967
670801430
919572396
941575060
339601866
833291115
879710150
531171809
489333963
882600992
894904473
528298250
919327866
894970631
834090144
809029176
845400654
504119470
499284065
941430423
892045196
820894640
807803721
501452320
943145383
951669027
832393490
501692479
954081634
834334047
888249018
820507945
853756591
840012280
919942433
528826837
490616281
925241614
500216841
942031501
514800614
534634860
894804582
845020163
888098696
900553603
393840244
443685821
312496326
904290574
409778206
752792093
348879800
509548160
534950621
893003335
415044114
444753776
442324901
498696491
832165963
803978477
753131598
833406408
950476028
937684942
890173743
385348834
348713793
897564092
893175968
491717799
810549576
513155028
808101497
844831917
834395964
794653188
449690593
509376976
422512574
749925400
351639125
444393342
451845648
508693959
752910943
984928549
878563972
448656991
847650678
888938982
510280571
504493446
991739756
817784549
447921016
103024154
752185611
501234991
985106772
802514224
524328820
443821467
828066522
531127629
951513779
988994448
753000405
852509660
812983716
880237938
811243823
882498942
512483769
450332036
438543860
450005475
868200098
481706950
833698954
920194578
323285817
519110753
949536817
499389005
450815535
401391255
478681653
753365568
812850048
942066234
832953715
834086571
807676291
949493076
823363494
410841308
814468997
803633445
931430540
824043533
422272732
830328563
479896581
329532378
983280132
952936193
850542416
814381141
479622326
838781185
820303162
920339595
485255087
451534416
443571948
821752953
838238541
887945749
413123878
498063312
452219017
096220033
813648821
822146056
945029627
477785240
518799523
877578526
903240315
878841808
869800359
934823360
525170346
984253161
934151846
301169744
529300055
810855023
408398741
844413997
927901025
808416515
756200275
349377069
322566472
914342969
914556295
444617104
938125382
808728901
834158842
441177227
811215706
953563517
948084355
809714967
819500380
832203343
919513770
810905315
339824963
891173973
948066642
984916825
529403156
920913019
893292052
795059807
518542006
879272045
882022924
409862521
344279633
850788662
814577557
535045991
505049452
490607967
949652226
823080411
933037905
798661310
890536147
432813343
803673607
342484573
428724108
838048619
492157276
897614210
823229166
811882190
831236724
437500986
952036184
813341112
889410916
938369832
523193324
804392611
501825871
451584395
450241088
341668911
547050146
800596124
929380285
949745046
419570726
918386699
415387851
915104558
488018425
793109489
881108658
839736444
410111843
491215356
942723719
789471539
492118054
753103043
340269752
512711375
902910975
420724569
351556451
907518906
893531863
979763794
819182098
529774358
449213750
333844769
509176277
823140942
851183152
922548094
482110913
887921443
103126033
951662808
839121126
828234922
487513814
793511296
790675094
442262341
814589271
843738253
813067287
813830445
879404259
881703482
988045845
921238705
911883866
834983488
889413118
421030057
901249995
431843697
900271958
326520574
342339769
622920247
819078577
803203686
752655761
880831748
848662904
450898572
451296552
849039383
820365120
835342833
847853256
539091157
904998424
492495155
885358770
949224620
499097970
524184785
891129447
482182904
931287726
511891137
420135444
907480321
518752803
799046073
898697958
819936378
898544168
430200832
925330144
775545882
823748215
908709009
271800013
907550669
334382256
881058796
902837962
988299673
520596966
952746154
893341545
904037256
753995901
512369141
898878756
883496721
510949027
821490505
537422487
852954742
502158058
433291507
882933781
985080670
398271452
979819992
520773227
828606384
912808235
487380255
790631162
350950069
840963417
810227363
401383039
338074693
951412949
879085538
303544258
913776597
902937424
921237038
824368328
920899481
